,sales,quantity,discount,profit,profit_margin_pct,sales_per_unit,profit_per_unit
sales,1.0,0.20079477137389737,-0.028190124157535527,0.47906434973770706,0.003444032568303199,0.8893759811482347,0.44731944333321927
quantity,0.20079477137389737,1.0,0.008622970271156362,0.06625318912428484,-0.005279781179464481,-0.003148448771413875,-0.007209003791174754
discount,-0.028190124157535527,0.008622970271156362,1.0,-0.21948745637176792,-0.8644522856000414,-0.03280346532689065,-0.23231255835246759
profit,0.47906434973770706,0.06625318912428484,-0.21948745637176792,1.0,0.22373166986839013,0.46831183308048313,0.9121992321591096
profit_margin_pct,0.003444032568303199,-0.005279781179464481,-0.8644522856000414,0.22373166986839013,1.0,0.007044402493060405,0.24021500120273875
sales_per_unit,0.8893759811482347,-0.003148448771413875,-0.03280346532689065,0.46831183308048313,0.007044402493060405,1.0,0.5382174418777007
profit_per_unit,0.44731944333321927,-0.007209003791174754,-0.23231255835246759,0.9121992321591096,0.24021500120273875,0.5382174418777007,1.0
